1717.31
1484.92
1463.07
1451.71
1443.92
1440.5
1441.02
1432.14
1431.76
1427.08
1424.27
1416.07
1407.16
1395.13
1384.06
1358.55
1342.86
1318.91
1291.9
1270.64
1252.77
1225.86
1192.19
1180.22
1167.81
1152.22
1143.38
1132.02
1118.93
1113.07
1181.32
1098.39
1095.65
1086.4
1075.41
1066.1
1061.53
1059.71
1047.17
1041.55
1038.39
1034.18
1028.74
1018.86
1006.02
1005.95
1000.28
996.128
983.006
978.559
975.21
964.804
954.456
953.549
946.105
937.699
930.132
926.943
916.953
911.147
906.98
898.273
893.184
885.207
886.003
878.541
867.055
866.34
861.596
854.308
843.633
842.234
838.375
829.669
818.534
818.083
812.953
808.072
806.599
795.542
802.501
786.831
782.743
782.685
778.742
768.457
770.753
766.578
757.732
753.213
748.027
740.561
736.241
738.188
736.365
730.758
722.724
778.461
717.453
720.023
709.287
712.903
713.866
706.505
697.571
705.852
696.276
693.086
692.236
691.392
695.153
689.373
681.042
687.518
691.224
682.323
672.189
675.482
671.959
671.66
681.078
670.509
730.342
669.885
727.116
659.614
661.335
666.649
659.145
657.562
719.188
697.245
685.904
656.136
652.292
685.413
713.027
660.826
713.971
642.426
676.011
660.549
648.411
719.307
714.285
715.998
677.295
641.731
673.527
655.864
669.408
637.44
702.462
679.215
631.863
665.228
671.59
670.572
664.077
659.304
710.61
637.093
671.756
686.186
680.343
680.002
629.316
647.802
671.999
662.162
681.499
665.138
686.653
705.135
622.093
681.611
626.382
651.103
689.407
627.999
619.081
705.496
681.092
628.651
663.453
650.688
674.178
660.219
699.669
642.799
621.439
658.191
647.28
628.296
677.978
673.844
699.732
671.374
653.886
683.559
668.643
651.029
641.773
638.045
732.819
659.736
616.357
625.945
667.357
670.76
613.511
689.692
657.158
671.121
653.375
668.259
627.238
610.152
648.252
666.916
676.627
639.009
611.808
608.706
610.458
607.453
668.541
655.728
672.738
665.024
674.802
664.773
610.653
662.325
664.862
611.633
646.338
609.49
663.903
671.478
611.275
664.772
640.678
667.886
624.39
619.983
655.048
658.675
608.484
659.611
661.458
665.608
684.614
666.141
644.833
663.869
671.207
666.683
626.44
647.435
607.387
661.307
614.984
646.32
661.383
630.82
649.275
669.048
607.5
672.331
613.677
610.997
658.222
666.72
667.669
664.257
648.887
657.825
651.944
633.889
660.053
662.31
661.681
657.142
660.716
649.816
645.932
622.595
660.861
626.317
607.882
653.034
661.835
603.905
673.435
615.81
602.886
610.674
664.114
627.624
